index,FSA,census under 60,census above 60,census total
0,A0A,62470,24795,87265
1,A0B,24555,13330,37885
2,A0C,15955,8115,24070
3,A0E,29050,13245,42295
4,A0G,44100,23025,67125
5,A0H,23200,10615,33815
6,A0J,9890,5180,15070
7,A0K,34050,15615,49665
8,A0L,10385,3905,14290
9,A0M,7855,3950,11805
10,A0N,17620,8705,26325
11,A0P,21120,3405,24525
12,A0R,4065,475,4540
13,A1A,42750,13985,56735
14,A1B,30355,7385,37740
15,A1C,19650,4730,24380
16,A1E,38445,13080,51525
17,A1G,8590,2180,10770
18,A1H,8615,1050,9665
19,A1K,18575,3595,22170
20,A1L,33660,4640,38300
21,A1M,11945,2635,14580
22,A1N,33380,9940,43320
23,A1S,9260,2115,11375
24,A1V,16580,5155,21735
25,A1W,16615,4005,20620
26,A1X,22145,5265,27410
27,A1Y,7385,3335,10720
28,A2A,13030,4905,17935
29,A2B,6515,2810,9325
30,A2H,35425,13900,49325
31,A2N,11820,4935,16755
32,A2V,11575,1680,13255
33,A5A,11285,3785,15070
34,A8A,8940,4010,12950
35,B0C,3445,1555,5000
36,B0E,31965,17050,49015
37,B0H,12565,6170,18735
38,B0J,50025,24490,74515
39,B0K,46375,21275,67650
40,B0L,2990,1505,4495
41,B0M,22010,10115,32125
42,B0N,53980,19755,73735
43,B0P,55025,20360,75385
44,B0R,7130,3985,11115
45,B0S,20915,12000,32915
46,B0T,18025,9940,27965
47,B0V,7355,3710,11065
48,B0W,35240,16080,51320
49,B1A,20765,9385,30150
50,B1B,1490,835,2325
51,B1C,2105,1080,3185
52,B1E,2065,875,2940
53,B1G,2345,1175,3520
54,B1H,12730,5590,18320
55,B1J,1105,775,1880
56,B1K,3870,1915,5785
57,B1L,6625,2570,9195
58,B1M,1545,615,2160
59,B1N,7740,2970,10710
60,B1P,19295,7695,26990
61,B1R,5905,2190,8095
62,B1S,10370,6185,16555
63,B1T,380,310,690
64,B1V,8445,3445,11890
65,B1W,5235,470,5705
66,B1X,1055,525,1580
67,B1Y,7715,3380,11095
68,B2A,10230,5070,15300
69,B2C,350,195,545
70,B2E,40,50,90
71,B2G,19205,7655,26860
72,B2H,18885,8485,27370
73,B2J,75,55,130
74,B2N,26070,11715,37785
75,B2R,3480,1145,4625
76,B2S,11415,2385,13800
77,B2T,25635,5175,30810
78,B2V,17885,4605,22490
79,B2W,44940,16030,60970
80,B2X,17100,4465,21565
81,B2Y,21085,6715,27800
82,B2Z,12090,3230,15320
83,B3A,29800,8490,38290
84,B3B,2350,225,2575
85,B3E,9795,2820,12615
86,B3G,16225,2985,19210
87,B3H,29120,7585,36705
88,B3J,10395,1220,11615
89,B3K,31330,8555,39885
90,B3L,27060,6005,33065
91,B3M,47555,12900,60455
92,B3N,19965,5650,25615
93,B3P,12750,4945,17695
94,B3R,12840,2735,15575
95,B3S,17695,6975,24670
96,B3T,25805,4850,30655
97,B3V,8755,2360,11115
98,B3Z,24640,6215,30855
99,B4A,25425,7635,33060
100,B4B,19985,3325,23310
101,B4C,26085,7725,33810
102,B4E,28005,5240,33245
103,B4G,7465,1690,9155
104,B4H,17345,8000,25345
105,B4N,23580,9000,32580
106,B4P,10140,4935,15075
107,B4R,4265,1255,5520
108,B4V,26270,12130,38400
109,B5A,20310,9065,29375
110,B6L,18490,5435,23925
111,B9A,5975,2475,8450
112,C0A,60730,20970,81700
113,C0B,38700,14380,53080
114,C1A,34440,13000,47440
115,C1B,18900,5110,24010
116,C1C,6040,1850,7890
117,C1E,16410,4765,21175
118,C1N,21770,9130,30900
119,Canada,50302110,14932565,65234675
120,E1A,62880,16940,79820
121,E1B,27225,9455,36680
122,E1C,33580,11585,45165
123,E1E,14835,6095,20930
124,E1G,33670,7310,40980
125,E1H,10645,3230,13875
126,E1J,4960,1445,6405
127,E1N,14505,6970,21475
128,E1V,18305,7060,25365
129,E1W,8930,4470,13400
130,E1X,19110,7555,26665
131,E2A,21720,11260,32980
132,E2E,27595,8195,35790
133,E2G,7380,1795,9175
134,E2H,6485,2180,8665
135,E2J,21580,8265,29845
136,E2K,24010,8790,32800
137,E2L,11475,3010,14485
138,E2M,25805,9395,35200
139,E2N,6230,1700,7930
140,E2P,2000,580,2580
141,E2R,0,0,0
142,E2S,10320,2160,12480
143,E2V,22710,3815,26525
144,E3A,39825,12400,52225
145,E3B,54845,14450,69295
146,E3C,16605,4650,21255
147,E3E,6660,1675,8335
148,E3G,12700,3085,15785
149,E3L,11575,4585,16160
150,E3N,17715,8110,25825
151,E3V,14775,7640,22415
152,E3Y,10160,3580,13740
153,E3Z,5515,2120,7635
154,E4A,3525,2115,5640
155,E4B,5200,2805,8005
156,E4C,2510,1690,4200
157,E4E,11770,4920,16690
158,E4G,3740,1340,5080
159,E4H,5250,2345,7595
160,E4J,6580,2380,8960
161,E4K,8995,2930,11925
162,E4L,9185,4040,13225
163,E4M,2065,1340,3405
164,E4N,5125,2010,7135
165,E4P,18790,8980,27770
166,E4R,8065,3910,11975
167,E4S,9140,4260,13400
168,E4T,2780,1295,4075
169,E4V,5855,2150,8005
170,E4W,10790,4260,15050
171,E4X,3650,2120,5770
172,E4Y,3780,2105,5885
173,E4Z,7390,2980,10370
174,E5A,2390,805,3195
175,E5B,3710,2075,5785
176,E5C,5800,2065,7865
177,E5E,1130,515,1645
178,E5G,3390,1315,4705
179,E5H,3920,1355,5275
180,E5J,2635,1065,3700
181,E5K,10095,3080,13175
182,E5L,3870,1495,5365
183,E5M,2525,1330,3855
184,E5N,16010,5460,21470
185,E5P,3565,1175,4740
186,E5R,1955,770,2725
187,E5S,2410,965,3375
188,E5T,4055,1595,5650
189,E5V,1085,440,1525
190,E6A,1505,850,2355
191,E6B,2060,925,2985
192,E6C,2930,840,3770
193,E6E,2075,735,2810
194,E6G,3140,1530,4670
195,E6H,1570,700,2270
196,E6J,1495,780,2275
197,E6K,5050,2050,7100
198,E6L,6425,2165,8590
199,E7A,4895,2150,7045
200,E7B,7960,2715,10675
201,E7C,6965,2895,9860
202,E7E,5930,2160,8090
203,E7G,4835,2240,7075
204,E7H,7300,3130,10430
205,E7J,2805,1080,3885
206,E7K,3555,1185,4740
207,E7L,7255,2385,9640
208,E7M,13600,4840,18440
209,E7N,4230,1225,5455
210,E7P,4860,1890,6750
211,E8A,5070,1860,6930
212,E8B,3275,1140,4415
213,E8C,4025,2875,6900
214,E8E,6980,2905,9885
215,E8G,3220,1905,5125
216,E8J,7480,3210,10690
217,E8K,11745,4685,16430
218,E8L,3075,1405,4480
219,E8M,2900,1035,3935
220,E8N,3030,1935,4965
221,E8P,4550,2065,6615
222,E8R,4320,1735,6055
223,E8S,6035,2745,8780
224,E8T,7400,3660,11060
225,E9A,3030,1295,4325
226,E9B,3160,1240,4400
227,E9C,2565,1485,4050
228,E9E,5300,2230,7530
229,E9G,7310,2595,9905
230,E9H,4185,1715,5900
231,G0A,117945,40755,158700
232,G0C,59495,30145,89640
233,G0E,5670,3510,9180
234,G0G,25830,6440,32270
235,G0H,14495,5130,19625
236,G0J,36850,18475,55325
237,G0K,15645,5835,21480
238,G0L,76005,35815,111820
239,G0M,46305,16680,62985
240,G0N,24595,11850,36445
241,G0P,9385,3135,12520
242,G0R,108115,48710,156825
243,G0S,94135,30575,124710
244,G0T,17995,8630,26625
245,G0V,24340,8030,32370
246,G0W,50350,15255,65605
247,G0X,77190,32485,109675
248,G0Y,11735,5205,16940
249,G0Z,11825,3915,15740
250,G1A,0,0,0
251,G1B,24950,4745,29695
252,G1C,50405,18030,68435
253,G1E,35010,16750,51760
254,G1G,32640,13260,45900
255,G1H,36695,19600,56295
256,G1J,32395,12555,44950
257,G1K,26910,8610,35520
258,G1L,32425,11080,43505
259,G1M,26200,11210,37410
260,G1N,11865,3800,15665
261,G1P,22590,8720,31310
262,G1R,22850,10010,32860
263,G1S,29825,21365,51190
264,G1T,7675,4575,12250
265,G1V,26110,10300,36410
266,G1W,27365,12710,40075
267,G1X,33640,15730,49370
268,G1Y,16760,6740,23500
269,G2A,21470,7135,28605
270,G2B,34355,10970,45325
271,G2C,16795,5145,21940
272,G2E,28080,10500,38580
273,G2G,15660,4115,19775
274,G2J,3600,2255,5855
275,G2K,14700,6035,20735
276,G2L,19415,6480,25895
277,G2M,7720,1810,9530
278,G2N,11945,2790,14735
279,G3A,27470,8150,35620
280,G3B,11905,2195,14100
281,G3C,13535,2445,15980
282,G3E,24095,3745,27840
283,G3G,15065,3080,18145
284,G3H,13285,3525,16810
285,G3J,15800,2785,18585
286,G3K,29145,3675,32820
287,G3L,13520,5805,19325
288,G3M,9475,4090,13565
289,G3N,14670,3060,17730
290,G3Z,8665,4915,13580
291,G4A,3945,1855,5800
292,G4R,29735,8655,38390
293,G4S,7620,1850,9470
294,G4T,16325,7525,23850
295,G4V,8520,4060,12580
296,G4W,17935,9480,27415
297,G4X,19540,8010,27550
298,G4Z,13980,4375,18355
299,G5A,10610,5190,15800
300,G5B,9065,2535,11600
301,G5C,16170,5985,22155
302,G5H,8470,4400,12870
303,G5J,8125,3515,11640
304,G5L,36515,20045,56560
305,G5M,12190,3210,15400
306,G5N,11620,2960,14580
307,G5R,25245,11850,37095
308,G5T,3540,1860,5400
309,G5V,14070,7475,21545
310,G5X,8245,3445,11690
311,G5Y,31330,12880,44210
312,G5Z,9740,2660,12400
313,G6A,3605,425,4030
314,G6B,10395,4895,15290
315,G6C,10685,2135,12820
316,G6E,18745,6360,25105
317,G6G,23675,14045,37720
318,G6H,8975,4530,13505
319,G6J,15540,3345,18885
320,G6K,12250,2660,14910
321,G6L,19995,8185,28180
322,G6P,35140,21010,56150
323,G6R,6815,1325,8140
324,G6S,6750,2460,9210
325,G6T,15580,2885,18465
326,G6V,39625,21480,61105
327,G6W,32750,12020,44770
328,G6X,13205,5315,18520
329,G6Y,8410,1735,10145
330,G6Z,35775,6820,42595
331,G7A,33095,7885,40980
332,G7B,24360,9330,33690
333,G7G,23350,7620,30970
334,G7H,35445,19635,55080
335,G7J,21030,6770,27800
336,G7K,920,295,1215
337,G7N,9160,2380,11540
338,G7P,10230,2915,13145
339,G7S,27575,9555,37130
340,G7T,1425,200,1625
341,G7X,34345,14655,49000
342,G7Y,880,260,1140
343,G7Z,4080,1070,5150
344,G8A,8185,3495,11680
345,G8B,29640,13155,42795
346,G8C,6185,1430,7615
347,G8E,5285,1785,7070
348,G8G,5055,2485,7540
349,G8H,13285,6195,19480
350,G8J,5810,1845,7655
351,G8K,13695,5420,19115
352,G8L,18875,8815,27690
353,G8M,7130,2630,9760
354,G8N,3335,1370,4705
355,G8P,11180,2610,13790
356,G8T,34820,19055,53875
357,G8V,14220,3145,17365
358,G8W,14185,5050,19235
359,G8Y,42415,18795,61210
360,G8Z,17535,9175,26710
361,G9A,26565,12655,39220
362,G9B,23920,7195,31115
363,G9C,4800,1020,5820
364,G9H,17605,6625,24230
365,G9N,19200,12275,31475
366,G9P,14185,7570,21755
367,G9R,3295,845,4140
368,G9T,19575,11085,30660
369,G9X,13920,6425,20345
370,H0M,1750,270,2020
371,H1A,45680,15630,61310
372,H1B,28500,9265,37765
373,H1C,23135,3390,26525
374,H1E,58775,20375,79150
375,H1G,66160,23705,89865
376,H1H,49425,17500,66925
377,H1J,13555,5770,19325
378,H1K,49875,13550,63425
379,H1L,48085,14825,62910
380,H1M,36100,20060,56160
381,H1N,32945,12720,45665
382,H1P,24485,8500,32985
383,H1R,42670,13635,56305
384,H1S,33870,14000,47870
385,H1T,42745,16095,58840
386,H1V,34605,7415,42020
387,H1W,47145,8060,55205
388,H1X,45025,11855,56880
389,H1Y,41640,9110,50750
390,H1Z,52170,11610,63780
391,H2A,28915,7585,36500
392,H2B,24675,8290,32965
393,H2C,24920,10860,35780
394,H2E,37145,8170,45315
395,H2G,34760,6845,41605
396,H2H,24395,3445,27840
397,H2J,44610,5515,50125
398,H2K,46720,8415,55135
399,H2L,38065,8810,46875
400,H2M,26705,8425,35130
401,H2N,9345,2390,11735
402,H2P,23715,3900,27615
403,H2R,35975,6520,42495
404,H2S,45030,6890,51920
405,H2T,25880,5080,30960
406,H2V,44830,11490,56320
407,H2W,18775,3010,21785
408,H2X,31540,7755,39295
409,H2Y,5320,1430,6750
410,H2Z,3360,1260,4620
411,H3A,6000,1050,7050
412,H3B,1030,115,1145
413,H3C,18815,2165,20980
414,H3E,27430,10810,38240
415,H3G,10885,3850,14735
416,H3H,31150,5980,37130
417,H3J,16700,3785,20485
418,H3K,23630,4200,27830
419,H3L,29995,8500,38495
420,H3M,20645,8345,28990
421,H3N,41460,10830,52290
422,H3P,13720,5165,18885
423,H3R,13110,4520,17630
424,H3S,50475,10380,60855
425,H3T,20525,3975,24500
426,H3V,9485,3435,12920
427,H3W,45470,11590,57060
428,H3X,32455,10735,43190
429,H3Y,13495,4385,17880
430,H3Z,14175,8955,23130
431,H4A,39465,9895,49360
432,H4B,30255,7725,37980
433,H4C,27800,4550,32350
434,H4E,44930,12355,57285
435,H4G,46325,9570,55895
436,H4H,27865,8315,36180
437,H4J,25925,7230,33155
438,H4K,14585,6345,20930
439,H4L,51440,16855,68295
440,H4M,17455,5035,22490
441,H4N,43255,10565,53820
442,H4P,11475,1770,13245
443,H4R,39700,9375,49075
444,H4S,860,150,1010
445,H4T,0,0,0
446,H4V,28125,9605,37730
447,H4W,29285,17520,46805
448,H4X,8805,2735,11540
449,H4Y,0,0,0
450,H4Z,0,0,0
451,H5A,0,0,0
452,H5B,0,0,0
453,H7A,31545,6395,37940
454,H7B,4215,1375,5590
455,H7C,12425,4500,16925
456,H7E,36955,12050,49005
457,H7G,28265,11760,40025
458,H7H,21370,3580,24950
459,H7J,3100,1025,4125
460,H7K,33330,7695,41025
461,H7L,55820,11640,67460
462,H7M,37735,14930,52665
463,H7N,60510,19180,79690
464,H7P,51275,12795,64070
465,H7R,44415,10650,55065
466,H7S,10640,2895,13535
467,H7T,34075,10800,44875
468,H7V,27445,15980,43425
469,H7W,54895,22905,77800
470,H7X,39275,8065,47340
471,H7Y,15145,2190,17335
472,H8N,40510,14475,54985
473,H8P,30060,13055,43115
474,H8R,43890,10955,54845
475,H8S,34360,11675,46035
476,H8T,21265,6200,27465
477,H8Y,27395,7495,34890
478,H8Z,21410,6630,28040
479,H9A,22680,6120,28800
480,H9B,28795,10205,39000
481,H9C,17060,4485,21545
482,H9E,4480,1275,5755
483,H9G,21290,7580,28870
484,H9H,35800,12075,47875
485,H9J,32360,7770,40130
486,H9K,13715,1620,15335
487,H9P,5770,1540,7310
488,H9R,31875,13455,45330
489,H9S,29995,13080,43075
490,H9W,26875,8785,35660
491,H9X,13350,5330,18680
492,J0A,25720,9010,34730
493,J0B,83280,32040,115320
494,J0C,31985,9555,41540
495,J0E,63185,26375,89560
496,J0G,25190,9450,34640
497,J0H,74550,20635,95185
498,J0J,56760,19545,76305
499,J0K,186970,72945,259915
500,J0L,109800,28735,138535
501,J0M,36580,2885,39465
502,J0N,73625,15555,89180
503,J0P,55625,17540,73165
504,J0R,46455,20380,66835
505,J0S,43515,15995,59510
506,J0T,58215,29685,87900
507,J0V,33060,15910,48970
508,J0W,19970,10395,30365
509,J0X,60995,24505,85500
510,J0Y,42445,10985,53430
511,J0Z,47295,15290,62585
512,J1A,12080,5290,17370
513,J1C,9500,2530,12030
514,J1E,33455,10535,43990
515,J1G,26875,10755,37630
516,J1H,40305,11365,51670
517,J1J,17955,9910,27865
518,J1K,10030,3095,13125
519,J1L,16945,10770,27715
520,J1M,7210,2915,10125
521,J1N,47725,10530,58255
522,J1R,15655,2840,18495
523,J1S,10915,3755,14670
524,J1T,8890,5720,14610
525,J1X,39730,19870,59600
526,J1Z,8130,1895,10025
527,J2A,17575,3515,21090
528,J2B,41880,14290,56170
529,J2C,37605,19280,56885
530,J2E,6010,1480,7490
531,J2G,35910,18345,54255
532,J2H,27660,8440,36100
533,J2J,24735,8780,33515
534,J2K,22285,8905,31190
535,J2L,12390,4180,16570
536,J2M,10005,2650,12655
537,J2N,12015,4375,16390
538,J2R,14405,4555,18960
539,J2S,36845,19130,55975
540,J2T,21580,9150,30730
541,J2W,41885,9445,51330
542,J2X,27450,9045,36495
543,J2Y,8325,2045,10370
544,J3A,9290,7425,16715
545,J3B,45780,15420,61200
546,J3E,43520,10880,54400
547,J3G,44320,14450,58770
548,J3H,35895,11500,47395
549,J3L,71490,16525,88015
550,J3M,15475,4120,19595
551,J3N,25460,5190,30650
552,J3P,30385,17535,47920
553,J3R,18160,8825,26985
554,J3T,10245,5415,15660
555,J3V,34600,13390,47990
556,J3X,31855,7225,39080
557,J3Y,90410,23820,114230
558,J3Z,7775,835,8610
559,J4B,55300,22345,77645
560,J4G,14270,4385,18655
561,J4H,19025,10215,29240
562,J4J,42900,11910,54810
563,J4K,38195,10250,48445
564,J4L,42330,13545,55875
565,J4M,18390,5760,24150
566,J4N,12100,6920,19020
567,J4P,13750,6860,20610
568,J4R,12990,6105,19095
569,J4S,7400,4080,11480
570,J4T,25715,7390,33105
571,J4V,23010,7580,30590
572,J4W,25100,8955,34055
573,J4X,21325,12440,33765
574,J4Y,32665,10375,43040
575,J4Z,38555,10075,48630
576,J5A,41580,7850,49430
577,J5B,11005,2525,13530
578,J5C,25315,6235,31550
579,J5J,24130,4165,28295
580,J5K,24965,3415,28380
581,J5L,30095,6300,36395
582,J5M,31460,5815,37275
583,J5R,66725,14770,81495
584,J5T,20140,4725,24865
585,J5V,8395,5555,13950
586,J5W,37780,9395,47175
587,J5X,12830,2980,15810
588,J5Y,44080,9170,53250
589,J5Z,40230,10070,50300
590,J6A,42260,21295,63555
591,J6E,55325,28305,83630
592,J6J,33155,10190,43345
593,J6K,34005,11050,45055
594,J6N,20610,7805,28415
595,J6R,19380,4290,23670
596,J6S,30595,14250,44845
597,J6T,22840,9695,32535
598,J6V,18725,3515,22240
599,J6W,46075,12780,58855
600,J6X,34530,7595,42125
601,J6Y,30435,4530,34965
602,J6Z,27925,6730,34655
603,J7A,19925,6130,26055
604,J7B,20225,3435,23660
605,J7C,63960,11620,75580
606,J7E,40855,16390,57245
607,J7G,26130,5745,31875
608,J7H,11220,1555,12775
609,J7J,35610,5745,41355
610,J7K,51225,12145,63370
611,J7L,17635,3670,21305
612,J7M,37460,5555,43015
613,J7N,42045,6795,48840
614,J7P,34650,11190,45840
615,J7R,53055,14850,67905
616,J7T,40355,7560,47915
617,J7V,92675,21660,114335
618,J7W,21235,5140,26375
619,J7X,7975,1625,9600
620,J7Y,32530,14740,47270
621,J7Z,38175,17835,56010
622,J8A,13340,3525,16865
623,J8B,16425,8080,24505
624,J8C,13235,6865,20100
625,J8E,12565,5925,18490
626,J8G,10605,4100,14705
627,J8H,17855,8395,26250
628,J8L,26570,7755,34325
629,J8M,20190,3020,23210
630,J8N,18335,3565,21900
631,J8P,48965,13005,61970
632,J8R,46475,5720,52195
633,J8T,52425,22170,74595
634,J8V,40480,7135,47615
635,J8X,14765,3985,18750
636,J8Y,32900,11330,44230
637,J8Z,22315,5420,27735
638,J9A,32975,6040,39015
639,J9B,10085,2380,12465
640,J9E,10155,4435,14590
641,J9H,44920,11330,56250
642,J9J,51155,5835,56990
643,J9L,18635,7710,26345
644,J9P,46880,13630,60510
645,J9T,18375,6470,24845
646,J9V,4400,2160,6560
647,J9X,32450,12340,44790
648,J9Y,15370,2940,18310
649,J9Z,9600,4220,13820
650,K0A,149520,40755,190275
651,K0B,28410,11035,39445
652,K0C,69790,27765,97555
653,K0E,51795,21120,72915
654,K0G,49530,19995,69525
655,K0H,58435,24245,82680
656,K0J,42835,20485,63320
657,K0K,146420,62605,209025
658,K0L,89945,44865,134810
659,K0M,59155,35450,94605
660,K1A,820,335,1155
661,K1B,24715,7020,31735
662,K1C,52585,17770,70355
663,K1E,20805,6915,27720
664,K1G,49355,15320,64675
665,K1H,20885,8940,29825
666,K1J,37075,13280,50355
667,K1K,41120,14205,55325
668,K1L,24625,8155,32780
669,K1M,8585,4245,12830
670,K1N,38995,9765,48760
671,K1P,645,25,670
672,K1R,29930,6240,36170
673,K1S,42360,11750,54110
674,K1T,54770,9110,63880
675,K1V,79995,20535,100530
676,K1W,15745,2365,18110
677,K1X,1180,365,1545
678,K1Y,29510,7585,37095
679,K1Z,31475,7535,39010
680,K2A,22015,9875,31890
681,K2B,44195,16740,60935
682,K2C,40600,12690,53290
683,K2E,26295,9740,36035
684,K2G,72430,18425,90855
685,K2H,34995,15220,50215
686,K2J,107165,15880,123045
687,K2K,34520,10520,45040
688,K2L,27670,7845,35515
689,K2M,41705,6970,48675
690,K2P,28895,5735,34630
691,K2R,1650,600,2250
692,K2S,47320,10890,58210
693,K2T,14420,2310,16730
694,K2V,3865,450,4315
695,K2W,13320,1715,15035
696,K4A,84825,13050,97875
697,K4B,6980,1900,8880
698,K4C,6445,1940,8385
699,K4K,21980,6215,28195
700,K4M,15305,5075,20380
701,K4P,14605,3325,17930
702,K4R,10970,2565,13535
703,K6A,15675,8280,23955
704,K6H,40765,17260,58025
705,K6J,23055,10155,33210
706,K6K,4195,1615,5810
707,K6T,765,255,1020
708,K6V,35370,17750,53120
709,K7A,22145,8905,31050
710,K7C,24740,7980,32720
711,K7G,10375,5505,15880
712,K7H,18235,10615,28850
713,K7K,47505,11340,58845
714,K7L,24265,10095,34360
715,K7M,64010,26360,90370
716,K7N,10930,3575,14505
717,K7P,30895,9045,39940
718,K7R,18605,8530,27135
719,K7S,16915,7585,24500
720,K7V,17130,8415,25545
721,K8A,34645,13915,48560
722,K8B,630,165,795
723,K8H,24350,2670,27020
724,K8N,37625,15855,53480
725,K8P,28585,11745,40330
726,K8R,1940,685,2625
727,K8V,37775,12900,50675
728,K9A,31120,18050,49170
729,K9H,38575,15930,54505
730,K9J,57495,24025,81520
731,K9K,17410,7390,24800
732,K9L,9995,3570,13565
733,K9V,34750,18405,53155
734,L0A,19385,5815,25200
735,L0B,21740,6630,28370
736,L0C,13405,4115,17520
737,L0E,28690,9695,38385
738,L0G,57880,15825,73705
739,L0H,4855,1490,6345
740,L0J,7340,1980,9320
741,L0K,45895,19605,65500
742,L0L,66475,20405,86880
743,L0M,53580,12305,65885
744,L0N,7405,1850,9255
745,L0P,11990,3880,15870
746,L0R,139195,39445,178640
747,L0S,69745,35160,104905
748,L1A,19370,9825,29195
749,L1B,15540,6715,22255
750,L1C,65640,13380,79020
751,L1E,42040,7370,49410
752,L1G,55455,22960,78415
753,L1H,45095,13845,58940
754,L1J,60810,17260,78070
755,L1K,59835,10900,70735
756,L1L,8910,1195,10105
757,L1M,33115,4675,37790
758,L1N,67320,21800,89120
759,L1P,27205,3935,31140
760,L1R,62140,11040,73180
761,L1S,59415,16345,75760
762,L1T,78980,12590,91570
763,L1V,76365,20155,96520
764,L1W,24370,7670,32040
765,L1X,30065,5340,35405
766,L1Y,2975,800,3775
767,L1Z,44795,4805,49600
768,L2A,21625,9595,31220
769,L2E,28185,12040,40225
770,L2G,35850,13405,49255
771,L2H,37025,9830,46855
772,L2J,18570,8910,27480
773,L2M,43605,18290,61895
774,L2N,37130,22085,59215
775,L2P,20820,6235,27055
776,L2R,35730,10540,46270
777,L2S,27330,7730,35060
778,L2T,14295,6375,20670
779,L2V,23790,6520,30310
780,L2W,3085,575,3660
781,L3B,31575,11840,43415
782,L3C,42395,16955,59350
783,L3K,23410,11360,34770
784,L3M,36795,13000,49795
785,L3P,52215,18670,70885
786,L3R,88755,28700,117455
787,L3S,84705,18800,103505
788,L3T,69625,26345,95970
789,L3V,59325,25665,84990
790,L3X,66600,9220,75820
791,L3Y,62745,21500,84245
792,L3Z,51070,9765,60835
793,L4A,59755,16625,76380
794,L4B,52280,14950,67230
795,L4C,101045,33600,134645
796,L4E,81180,11785,92965
797,L4G,83285,18765,102050
798,L4H,106610,14220,120830
799,L4J,109975,33045,143020
800,L4K,22900,6270,29170
801,L4L,72440,30910,103350
802,L4M,67875,17375,85250
803,L4N,147475,33590,181065
804,L4P,43960,9060,53020
805,L4R,23125,11410,34535
806,L4S,54835,11165,66000
807,L4T,56885,13020,69905
808,L4V,0,0,0
809,L4W,27430,12155,39585
810,L4X,28825,7025,35850
811,L4Y,32785,11920,44705
812,L4Z,58445,12190,70635
813,L5A,69085,19715,88800
814,L5B,95395,22340,117735
815,L5C,43255,12045,55300
816,L5E,17910,6090,24000
817,L5G,28985,8885,37870
818,L5H,25325,7535,32860
819,L5J,40430,12225,52655
820,L5K,19760,6055,25815
821,L5L,64545,19405,83950
822,L5M,161275,30270,191545
823,L5N,131540,23960,155500
824,L5R,55350,13960,69310
825,L5S,0,0,0
826,L5T,0,0,0
827,L5V,79520,14170,93690
828,L5W,39475,5145,44620
829,L6A,132555,22115,154670
830,L6B,44950,7340,52290
831,L6C,77835,14450,92285
832,L6E,54650,10595,65245
833,L6G,8580,1570,10150
834,L6H,91615,20370,111985
835,L6J,34430,11410,45840
836,L6K,17725,7060,24785
837,L6L,39885,15830,55715
838,L6M,100495,15970,116465
839,L6P,126130,20775,146905
840,L6R,134965,22870,157835
841,L6S,78745,19385,98130
842,L6T,57140,12915,70055
843,L6V,63245,13000,76245
844,L6W,31610,9460,41070
845,L6X,103660,16970,120630
846,L6Y,133040,27170,160210
847,L6Z,49645,10640,60285
848,L7A,126900,14560,141460
849,L7B,21620,5525,27145
850,L7C,36680,8105,44785
851,L7E,51290,10485,61775
852,L7G,69130,15045,84175
853,L7J,20145,4890,25035
854,L7K,11875,3520,15395
855,L7L,66410,19375,85785
856,L7M,70585,16740,87325
857,L7N,16370,8425,24795
858,L7P,41355,13845,55200
859,L7R,21775,8460,30235
860,L7S,15180,8685,23865
861,L7T,22645,11160,33805
862,L8E,56400,16090,72490
863,L8G,27110,14245,41355
864,L8H,38565,9465,48030
865,L8J,36915,7575,44490
866,L8K,43830,15370,59200
867,L8L,46970,9475,56445
868,L8M,20255,5140,25395
869,L8N,21685,4460,26145
870,L8P,33550,10160,43710
871,L8R,15500,5085,20585
872,L8S,21290,6135,27425
873,L8T,26325,9565,35890
874,L8V,28290,12230,40520
875,L8W,38900,8255,47155
876,L9A,35605,10995,46600
877,L9B,34100,10465,44565
878,L9C,55265,20080,75345
879,L9E,1155,65,1220
880,L9G,32355,11335,43690
881,L9H,40835,18440,59275
882,L9J,805,325,1130
883,L9K,20825,5170,25995
884,L9L,19500,8725,28225
885,L9M,19270,8920,28190
886,L9N,17215,4175,21390
887,L9P,23670,7690,31360
888,L9R,28745,10680,39425
889,L9S,41280,11195,52475
890,L9T,158245,23035,181280
891,L9V,19800,5005,24805
892,L9W,65855,16570,82425
893,L9Y,30740,16280,47020
894,L9Z,23160,16160,39320
895,M1B,97730,23775,121505
896,M1C,50535,16095,66630
897,M1E,66635,21040,87675
898,M1G,43305,11025,54330
899,M1H,36035,9455,45490
900,M1J,54235,12690,66925
901,M1K,71705,17825,89530
902,M1L,53250,11195,64445
903,M1M,32435,10550,42985
904,M1N,31580,10005,41585
905,M1P,66275,19015,85290
906,M1R,43185,12810,55995
907,M1S,53240,18855,72095
908,M1T,46825,18830,65655
909,M1V,77620,25305,102925
910,M1W,65580,26860,92440
911,M1X,23215,4220,27435
912,M2H,32740,14080,46820
913,M2J,86075,23070,109145
914,M2K,34700,11285,45985
915,M2L,16415,5570,21985
916,M2M,46240,16135,62375
917,M2N,117850,26950,144800
918,M2P,11180,3615,14795
919,M2R,57635,20165,77800
920,M3A,51105,13080,64185
921,M3B,17705,7460,25165
922,M3C,55290,17990,73280
923,M3H,54425,14725,69150
924,M3J,39460,8190,47650
925,M3K,8585,2720,11305
926,M3L,24735,7585,32320
927,M3M,35260,9490,44750
928,M3N,61815,13950,75765
929,M4A,19905,7465,27370
930,M4B,27455,7255,34710
931,M4C,70960,15535,86495
932,M4E,37400,8570,45970
933,M4G,27460,7660,35120
934,M4H,28725,5670,34395
935,M4J,52535,13450,65985
936,M4K,46900,12260,59160
937,M4L,50195,9655,59850
938,M4M,38785,7625,46410
939,M4N,21215,7280,28495
940,M4P,31440,6995,38435
941,M4R,16935,4070,21005
942,M4S,39850,10540,50390
943,M4T,14195,5660,19855
944,M4V,25115,10155,35270
945,M4W,19900,8165,28065
946,M4X,32710,6620,39330
947,M4Y,51895,8120,60015
948,M5A,67595,10865,78460
949,M5B,22385,2560,24945
950,M5C,5095,655,5750
951,M5E,15050,2810,17860
952,M5G,15050,1220,16270
953,M5H,3690,250,3940
954,M5J,24365,3985,28350
955,M5K,0,0,0
956,M5L,0,0,0
957,M5M,37475,9500,46975
958,M5N,23940,6645,30585
959,M5P,27500,9395,36895
960,M5R,38700,13245,51945
961,M5S,24465,5855,30320
962,M5T,27915,6745,34660
963,M5V,90895,5125,96020
964,M5W,0,0,0
965,M5X,0,0,0
966,M6A,29765,9435,39200
967,M6B,40705,12730,53435
968,M6C,36415,9425,45840
969,M6E,56640,15010,71650
970,M6G,47525,14135,61660
971,M6H,70895,14420,85315
972,M6J,53035,9615,62650
973,M6K,68130,10685,78815
974,M6L,28815,9725,38540
975,M6M,63450,14900,78350
976,M6N,61875,15020,76895
977,M6P,62385,13040,75425
978,M6R,30850,6325,37175
979,M6S,50730,12385,63115
980,M7A,0,0,0
981,M7Y,0,0,0
982,M8V,56885,15440,72325
983,M8W,30650,8255,38905
984,M8X,14025,6460,20485
985,M8Y,32400,7505,39905
986,M8Z,25100,7025,32125
987,M9A,50540,17255,67795
988,M9B,46570,14155,60725
989,M9C,52795,20310,73105
990,M9L,16610,5510,22120
991,M9M,33070,7665,40735
992,M9N,37590,8725,46315
993,M9P,27335,12450,39785
994,M9R,46980,15520,62500
995,M9V,83770,18255,102025
996,M9W,60325,15320,75645
997,N0A,39650,16415,56065
998,N0B,113965,32285,146250
999,N0C,20935,7665,28600
1000,N0E,47680,16465,64145
1001,N0G,113740,39420,153160
1002,N0H,60105,31220,91325
1003,N0J,46165,12005,58170
1004,N0K,34345,9875,44220
1005,N0L,65660,20655,86315
1006,N0M,85955,34490,120445
1007,N0N,55295,20050,75345
1008,N0P,70565,26275,96840
1009,N0R,66575,18800,85375
1010,N1A,15925,6370,22295
1011,N1C,5920,1050,6970
1012,N1E,59975,14505,74480
1013,N1G,39175,12300,51475
1014,N1H,63110,19195,82305
1015,N1K,14740,2060,16800
1016,N1L,22185,3565,25750
1017,N1M,21780,7970,29750
1018,N1P,12035,1260,13295
1019,N1R,60070,18430,78500
1020,N1S,27750,8465,36215
1021,N1T,27240,4570,31810
1022,N2A,42790,11990,54780
1023,N2B,23230,7945,31175
1024,N2C,23805,6400,30205
1025,N2E,59870,10870,70740
1026,N2G,20005,5660,25665
1027,N2H,31315,8595,39910
1028,N2J,26355,9575,35930
1029,N2K,41530,8190,49720
1030,N2L,41285,11590,52875
1031,N2M,48800,12930,61730
1032,N2N,39565,9095,48660
1033,N2P,30375,5760,36135
1034,N2R,19905,1605,21510
1035,N2T,31500,6290,37790
1036,N2V,26290,4575,30865
1037,N2Z,13895,6360,20255
1038,N3A,21970,7300,29270
1039,N3B,17345,5125,22470
1040,N3C,40430,7755,48185
1041,N3E,425,115,540
1042,N3H,30285,10155,40440
1043,N3L,20005,7300,27305
1044,N3P,12760,2975,15735
1045,N3R,45275,19020,64295
1046,N3S,37675,9835,47510
1047,N3T,49360,13365,62725
1048,N3V,2420,530,2950
1049,N3W,19630,4930,24560
1050,N3Y,28995,13570,42565
1051,N4B,10445,4100,14545
1052,N4G,24415,11940,36355
1053,N4K,36690,17120,53810
1054,N4L,9515,5980,15495
1055,N4N,12440,6295,18735
1056,N4S,45190,15355,60545
1057,N4T,14945,4675,19620
1058,N4V,3950,1625,5575
1059,N4W,15375,5025,20400
1060,N4X,13110,5150,18260
1061,N4Z,3545,855,4400
1062,N5A,42195,16910,59105
1063,N5C,21375,5890,27265
1064,N5H,21325,5970,27295
1065,N5L,3340,2055,5395
1066,N5P,28220,8415,36635
1067,N5R,36935,13795,50730
1068,N5V,46500,10215,56715
1069,N5W,34250,9730,43980
1070,N5X,46495,14000,60495
1071,N5Y,52195,10835,63030
1072,N5Z,35495,8350,43845
1073,N6A,16615,5895,22510
1074,N6B,16035,3715,19750
1075,N6C,44530,12645,57175
1076,N6E,40220,10055,50275
1077,N6G,59740,14875,74615
1078,N6H,56360,20800,77160
1079,N6J,36580,14170,50750
1080,N6K,45880,18655,64535
1081,N6L,4480,1035,5515
1082,N6M,8640,1670,10310
1083,N6N,885,370,1255
1084,N6P,12130,3930,16060
1085,N7A,14175,8135,22310
1086,N7G,24235,9045,33280
1087,N7L,32560,13875,46435
1088,N7M,33270,12280,45550
1089,N7S,37990,13880,51870
1090,N7T,36045,13890,49935
1091,N7V,14905,7760,22665
1092,N7W,1800,1985,3785
1093,N7X,1370,725,2095
1094,N8A,18800,7160,25960
1095,N8H,35560,12545,48105
1096,N8M,15335,5240,20575
1097,N8N,33470,11695,45165
1098,N8P,16115,6540,22655
1099,N8R,17100,5035,22135
1100,N8S,29390,11985,41375
1101,N8T,24265,8180,32445
1102,N8W,34905,9260,44165
1103,N8X,23130,6005,29135
1104,N8Y,26545,9260,35805
1105,N9A,35755,11815,47570
1106,N9B,27325,5285,32610
1107,N9C,17330,3950,21280
1108,N9E,28795,9760,38555
1109,N9G,28070,8315,36385
1110,N9H,14040,5105,19145
1111,N9J,28845,6315,35160
1112,N9K,3975,1090,5065
1113,N9V,28215,9415,37630
1114,N9Y,19460,8225,27685
1115,P0A,20150,11275,31425
1116,P0B,12120,5165,17285
1117,P0C,4740,2615,7355
1118,P0E,4125,1880,6005
1119,P0G,3805,2155,5960
1120,P0H,41510,16900,58410
1121,P0J,27680,11245,38925
1122,P0K,15175,6230,21405
1123,P0L,35085,10120,45205
1124,P0M,69510,23275,92785
1125,P0N,14000,3275,17275
1126,P0P,25125,11025,36150
1127,P0R,15440,8165,23605
1128,P0S,13530,4905,18435
1129,P0T,46060,14715,60775
1130,P0V,32315,5355,37670
1131,P0W,8610,3085,11695
1132,P0X,11180,3605,14785
1133,P0Y,0,0,0
1134,P1A,22695,8085,30780
1135,P1B,44855,16490,61345
1136,P1C,5070,1110,6180
1137,P1H,21060,9870,30930
1138,P1L,21200,10255,31455
1139,P1P,12640,7435,20075
1140,P2A,16230,8530,24760
1141,P2B,12565,5710,18275
1142,P2N,9640,3920,13560
1143,P3A,31845,13675,45520
1144,P3B,22540,6600,29140
1145,P3C,23870,6955,30825
1146,P3E,36465,15170,51635
1147,P3G,5720,1695,7415
1148,P3L,12085,2575,14660
1149,P3N,11635,3325,14960
1150,P3P,23095,5035,28130
1151,P3Y,10435,3355,13790
1152,P4N,34680,11055,45735
1153,P4P,5295,765,6060
1154,P4R,7510,1355,8865
1155,P5A,11190,9550,20740
1156,P5E,7065,2780,9845
1157,P5N,11330,4505,15835
1158,P6A,46565,18900,65465
1159,P6B,29370,14210,43580
1160,P6C,26975,9200,36175
1161,P7A,38385,15820,54205
1162,P7B,30320,11160,41480
1163,P7C,30135,11010,41145
1164,P7E,28880,11065,39945
1165,P7G,18000,4860,22860
1166,P7J,7555,1750,9305
1167,P7K,8995,3220,12215
1168,P7L,2720,900,3620
1169,P8N,13805,4980,18785
1170,P8T,7635,1425,9060
1171,P9A,14750,5010,19760
1172,P9N,19400,6660,26060
1173,R0A,68645,12430,81075
1174,R0B,72590,7235,79825
1175,R0C,71805,24095,95900
1176,R0E,64150,22080,86230
1177,R0G,61555,17855,79410
1178,R0H,24395,5245,29640
1179,R0J,35605,15170,50775
1180,R0K,37610,13195,50805
1181,R0L,34875,14185,49060
1182,R0M,26440,9980,36420
1183,R1A,29820,10060,39880
1184,R1B,190,300,490
1185,R1C,5585,1275,6860
1186,R1N,23185,7575,30760
1187,R2C,50180,11180,61360
1188,R2E,13205,3905,17110
1189,R2G,43255,19360,62615
1190,R2H,22275,8350,30625
1191,R2J,37810,11160,48970
1192,R2K,48150,13990,62140
1193,R2L,22960,3955,26915
1194,R2M,53430,17990,71420
1195,R2N,43665,12660,56325
1196,R2P,47940,11200,59140
1197,R2R,32850,5940,38790
1198,R2V,50890,14420,65310
1199,R2W,43515,8225,51740
1200,R2X,28800,6100,34900
1201,R2Y,27305,9900,37205
1202,R3A,7085,1015,8100
1203,R3B,19450,4780,24230
1204,R3C,22940,5005,27945
1205,R3E,29995,5735,35730
1206,R3G,39860,6905,46765
1207,R3H,190,30,220
1208,R3J,39265,13065,52330
1209,R3K,16165,7410,23575
1210,R3L,30875,7825,38700
1211,R3M,32840,9985,42825
1212,R3N,24380,6890,31270
1213,R3P,24175,13905,38080
1214,R3R,33490,12845,46335
1215,R3S,800,150,950
1216,R3T,72230,17565,89795
1217,R3V,9220,2620,11840
1218,R3W,14825,3120,17945
1219,R3X,28035,3920,31955
1220,R3Y,34950,4400,39350
1221,R4A,6405,2015,8420
1222,R4G,1870,260,2130
1223,R4H,4080,755,4835
1224,R4J,1385,340,1725
1225,R4K,1370,195,1565
1226,R4L,1800,365,2165
1227,R5A,5100,1040,6140
1228,R5G,31440,7295,38735
1229,R5H,8000,2540,10540
1230,R6M,14315,4265,18580
1231,R6W,29945,5285,35230
1232,R7A,43475,10380,53855
1233,R7B,30080,8450,38530
1234,R7C,3000,1675,4675
1235,R7N,13090,6250,19340
1236,R8A,7520,2330,9850
1237,R8N,22020,2215,24235
1238,R9A,9585,2430,12015
1239,S0A,67425,30405,97830
1240,S0C,32855,9710,42565
1241,S0E,42975,17390,60365
1242,S0G,85950,30385,116335
1243,S0H,29805,12645,42450
1244,S0J,69950,18330,88280
1245,S0K,128280,33540,161820
1246,S0L,42055,14970,57025
1247,S0M,68670,16340,85010
1248,S0N,29015,10490,39505
1249,S0P,10760,1460,12220
1250,S2V,1190,400,1590
1251,S3N,25425,9185,34610
1252,S4A,18710,4250,22960
1253,S4H,15425,5305,20730
1254,S4L,8740,1170,9910
1255,S4M,270,20,290
1256,S4N,48355,8185,56540
1257,S4P,18195,8095,26290
1258,S4R,51400,13520,64920
1259,S4S,48815,17435,66250
1260,S4T,48205,10105,58310
1261,S4V,40985,10940,51925
1262,S4W,13905,805,14710
1263,S4X,43445,6670,50115
1264,S4Y,7170,855,8025
1265,S4Z,1860,405,2265
1266,S6H,37360,14060,51420
1267,S6J,7315,2425,9740
1268,S6K,2140,305,2445
1269,S6V,58730,15930,74660
1270,S6W,115,160,275
1271,S6X,3340,375,3715
1272,S7H,52375,14725,67100
1273,S7J,42670,16470,59140
1274,S7K,56210,17490,73700
1275,S7L,59120,12480,71600
1276,S7M,47445,9090,56535
1277,S7N,41630,8860,50490
1278,S7P,225,60,285
1279,S7R,13290,665,13955
1280,S7S,8990,1900,10890
1281,S7T,20600,3275,23875
1282,S7V,16825,2540,19365
1283,S7W,22545,1455,24000
1284,S9A,21540,6885,28425
1285,S9H,24930,8805,33735
1286,S9V,23510,2495,26005
1287,S9X,11590,2220,13810
1288,T0A,85700,21525,107225
1289,T0B,88650,28320,116970
1290,T0C,87595,25790,113385
1291,T0E,62785,17680,80465
1292,T0G,63115,12930,76045
1293,T0H,123630,24835,148465
1294,T0J,73625,17765,91390
1295,T0K,75935,22575,98510
1296,T0L,85385,25475,110860
1297,T0M,96315,26875,123190
1298,T0P,5635,705,6340
1299,T0V,0,0,0
1300,T1A,34690,13355,48045
1301,T1B,46175,13690,59865
1302,T1C,14415,2560,16975
1303,T1G,14790,3765,18555
1304,T1H,40060,10640,50700
1305,T1J,33140,9625,42765
1306,T1K,65450,19170,84620
1307,T1L,12460,1720,14180
1308,T1M,13235,3490,16725
1309,T1P,24250,6405,30655
1310,T1R,25665,4830,30495
1311,T1S,49435,9175,58610
1312,T1V,20680,7945,28625
1313,T1W,22305,5240,27545
1314,T1X,34465,5630,40095
1315,T1Y,86045,18075,104120
1316,T1Z,980,195,1175
1317,T2A,91730,17210,108940
1318,T2B,35525,7525,43050
1319,T2C,31950,6205,38155
1320,T2E,53730,12215,65945
1321,T2G,23035,4625,27660
1322,T2H,13830,3960,17790
1323,T2J,65660,20785,86445
1324,T2K,53075,13115,66190
1325,T2L,20970,6095,27065
1326,T2M,33985,5530,39515
1327,T2N,41115,8785,49900
1328,T2P,20915,4360,25275
1329,T2R,24560,2740,27300
1330,T2S,23210,4990,28200
1331,T2T,48405,7345,55750
1332,T2V,46940,16950,63890
1333,T2W,62820,15680,78500
1334,T2X,67185,11220,78405
1335,T2Y,95980,15025,111005
1336,T2Z,109835,12360,122195
1337,T3A,78495,20290,98785
1338,T3B,53710,16275,69985
1339,T3C,37415,6980,44395
1340,T3E,62520,14795,77315
1341,T3G,90170,17785,107955
1342,T3H,107800,20105,127905
1343,T3J,122565,14055,136620
1344,T3K,126415,19035,145450
1345,T3L,45695,7850,53545
1346,T3M,65105,4440,69545
1347,T3N,20485,1430,21915
1348,T3P,24835,2500,27335
1349,T3R,38550,3725,42275
1350,T3S,455,125,580
1351,T3Z,16650,3740,20390
1352,T4A,25520,3075,28595
1353,T4B,75855,9265,85120
1354,T4C,45580,9500,55080
1355,T4E,3480,560,4040
1356,T4G,17795,5690,23485
1357,T4H,16860,6085,22945
1358,T4J,16060,4720,20780
1359,T4L,24470,6800,31270
1360,T4M,7800,315,8115
1361,T4N,50045,12980,63025
1362,T4P,50135,8865,59000
1363,T4R,55795,10625,66420
1364,T4S,31370,5220,36590
1365,T4T,19195,4990,24185
1366,T4V,28170,10725,38895
1367,T4X,32225,4065,36290
1368,T5A,52090,11710,63800
1369,T5B,24395,5155,29550
1370,T5C,22845,7075,29920
1371,T5E,46045,13605,59650
1372,T5G,20260,3900,24160
1373,T5H,42725,7305,50030
1374,T5J,8955,1640,10595
1375,T5K,35500,10360,45860
1376,T5L,25395,6610,32005
1377,T5M,22940,5670,28610
1378,T5N,22065,5400,27465
1379,T5P,32590,7705,40295
1380,T5R,36620,12330,48950
1381,T5S,7575,1355,8930
1382,T5T,106915,20540,127455
1383,T5V,230,30,260
1384,T5W,30505,7530,38035
1385,T5X,62200,13570,75770
1386,T5Y,73635,8790,82425
1387,T5Z,47955,7980,55935
1388,T6A,21015,7060,28075
1389,T6B,13385,4810,18195
1390,T6C,30590,8495,39085
1391,T6E,37255,6390,43645
1392,T6G,20755,3735,24490
1393,T6H,45475,10705,56180
1394,T6J,67565,20245,87810
1395,T6K,43935,9840,53775
1396,T6L,78435,15950,94385
1397,T6M,43395,7435,50830
1398,T6N,0,0,0
1399,T6P,2635,765,3400
1400,T6R,67105,15225,82330
1401,T6S,160,20,180
1402,T6T,59510,6515,66025
1403,T6V,31765,3675,35440
1404,T6W,82865,8195,91060
1405,T6X,59025,3570,62595
1406,T7A,17965,3265,21230
1407,T7E,21235,4145,25380
1408,T7N,10125,4340,14465
1409,T7P,9530,4505,14035
1410,T7S,20265,2385,22650
1411,T7V,16215,3020,19235
1412,T7X,66760,11845,78605
1413,T7Y,9975,2605,12580
1414,T7Z,37600,9865,47465
1415,T8A,63285,17080,80365
1416,T8B,9320,2570,11890
1417,T8C,6705,1520,8225
1418,T8E,12075,2615,14690
1419,T8G,7400,1445,8845
1420,T8H,43210,8695,51905
1421,T8L,40080,7855,47935
1422,T8N,94650,25410,120060
1423,T8R,22945,3915,26860
1424,T8S,12205,2145,14350
1425,T8T,10285,2575,12860
1426,T8V,49975,8535,58510
1427,T8W,34950,2825,37775
1428,T8X,30965,2750,33715
1429,T9A,21335,7610,28945
1430,T9C,9160,3620,12780
1431,T9E,47220,9960,57180
1432,T9G,10515,2435,12950
1433,T9H,45890,3185,49075
1434,T9J,6300,330,6630
1435,T9K,67420,2510,69930
1436,T9M,29205,3200,32405
1437,T9N,13585,2815,16400
1438,T9S,9605,3100,12705
1439,T9V,32010,5630,37640
1440,T9W,11880,2860,14740
1441,T9X,8165,2640,10805
1442,V0A,19560,6530,26090
1443,V0B,43120,18740,61860
1444,V0C,43340,8085,51425
1445,V0E,84695,38650,123345
1446,V0G,34620,14115,48735
1447,V0H,60540,42190,102730
1448,V0J,75885,20415,96300
1449,V0K,41045,21020,62065
1450,V0L,6105,2440,8545
1451,V0M,15275,6790,22065
1452,V0N,107275,41730,149005
1453,V0P,8330,4320,12650
1454,V0R,85925,39960,125885
1455,V0S,395,110,505
1456,V0T,12250,3620,15870
1457,V0V,2925,695,3620
1458,V0W,740,325,1065
1459,V0X,25105,13935,39040
1460,V1A,10945,4805,15750
1461,V1B,28515,11295,39810
1462,V1C,34455,12930,47385
1463,V1E,23880,12780,36660
1464,V1G,23405,5240,28645
1465,V1H,15675,10015,25690
1466,V1J,38030,4640,42670
1467,V1K,12140,5120,17260
1468,V1L,23185,8415,31600
1469,V1M,43985,13540,57525
1470,V1N,16860,6775,23635
1471,V1P,12255,2455,14710
1472,V1R,12790,6305,19095
1473,V1S,16130,4765,20895
1474,V1T,36040,17310,53350
1475,V1V,29630,9995,39625
1476,V1W,44575,20460,65035
1477,V1X,47005,15650,62655
1478,V1Y,47575,19155,66730
1479,V1Z,20070,6620,26690
1480,V2A,45530,26790,72320
1481,V2B,55090,19615,74705
1482,V2C,33075,11740,44815
1483,V2E,21970,4965,26935
1484,V2G,24960,8370,33330
1485,V2H,8490,3155,11645
1486,V2J,31240,10850,42090
1487,V2K,31105,7005,38110
1488,V2L,14390,4160,18550
1489,V2M,34385,8995,43380
1490,V2N,47855,10750,58605
1491,V2P,49115,18585,67700
1492,V2R,65445,23695,89140
1493,V2S,68475,22325,90800
1494,V2T,78200,24950,103150
1495,V2V,48655,12860,61515
1496,V2W,29080,5090,34170
1497,V2X,68615,21115,89730
1498,V2Y,53845,9510,63355
1499,V2Z,20485,8805,29290
1500,V3A,58810,20610,79420
1501,V3B,84785,20035,104820
1502,V3C,58030,14080,72110
1503,V3E,61200,10525,71725
1504,V3G,35730,7870,43600
1505,V3H,56375,11780,68155
1506,V3J,61080,15300,76380
1507,V3K,45175,12150,57325
1508,V3L,40920,11810,52730
1509,V3M,66340,15920,82260
1510,V3N,60585,12920,73505
1511,V3R,87030,19845,106875
1512,V3S,143225,29465,172690
1513,V3T,60345,11680,72025
1514,V3V,74115,15310,89425
1515,V3W,137775,30610,168385
1516,V3X,42800,9545,52345
1517,V3Y,27420,7370,34790
1518,V3Z,42180,11500,53680
1519,V4A,44425,25375,69800
1520,V4B,22645,16690,39335
1521,V4C,65605,15565,81170
1522,V4E,17025,4870,21895
1523,V4G,110,35,145
1524,V4K,32650,13280,45930
1525,V4L,9535,5640,15175
1526,V4M,18635,8765,27400
1527,V4N,119755,24140,143895
1528,V4P,15750,7295,23045
1529,V4R,23435,4190,27625
1530,V4S,10835,2565,13400
1531,V4T,35480,17135,52615
1532,V4V,20385,6910,27295
1533,V4W,27805,7860,35665
1534,V4X,18655,4515,23170
1535,V4Z,6965,1770,8735
1536,V5A,35445,9325,44770
1537,V5B,33070,9135,42205
1538,V5C,45015,12845,57860
1539,V5E,38075,11895,49970
1540,V5G,28305,9245,37550
1541,V5H,58475,15710,74185
1542,V5J,32965,8290,41255
1543,V5K,33920,9505,43425
1544,V5L,31735,5795,37530
1545,V5M,32880,11185,44065
1546,V5N,54000,12180,66180
1547,V5P,45850,14865,60715
1548,V5R,70895,17275,88170
1549,V5S,40670,13915,54585
1550,V5T,40340,5515,45855
1551,V5V,37890,7805,45695
1552,V5W,29085,7970,37055
1553,V5X,42425,11885,54310
1554,V5Y,27165,5385,32550
1555,V5Z,32690,10525,43215
1556,V6A,27335,9275,36610
1557,V6B,51475,5945,57420
1558,V6C,4010,890,4900
1559,V6E,44705,8180,52885
1560,V6G,41790,11865,53655
1561,V6H,27355,7390,34745
1562,V6J,34090,8860,42950
1563,V6K,41310,9390,50700
1564,V6L,14260,5730,19990
1565,V6M,22250,9240,31490
1566,V6N,19700,6510,26210
1567,V6P,45850,12620,58470
1568,V6R,28170,8320,36490
1569,V6S,18380,4040,22420
1570,V6T,20600,3295,23895
1571,V6V,17005,3605,20610
1572,V6W,2325,810,3135
1573,V6X,50720,13540,64260
1574,V6Y,69290,21465,90755
1575,V6Z,28655,5935,34590
1576,V7A,38565,11270,49835
1577,V7B,1260,225,1485
1578,V7C,56905,16785,73690
1579,V7E,51870,17850,69720
1580,V7G,16710,4825,21535
1581,V7H,18315,6385,24700
1582,V7J,23765,7525,31290
1583,V7K,18440,4025,22465
1584,V7L,38935,11210,50145
1585,V7M,29970,8495,38465
1586,V7N,20910,6920,27830
1587,V7P,19105,5225,24330
1588,V7R,20700,6460,27160
1589,V7S,14215,5470,19685
1590,V7T,11110,6905,18015
1591,V7V,16950,12165,29115
1592,V7W,11245,4925,16170
1593,V7X,0,0,0
1594,V7Y,0,0,0
1595,V8A,22325,12135,34460
1596,V8B,18020,3435,21455
1597,V8C,11760,3275,15035
1598,V8G,27870,7195,35065
1599,V8J,17945,4560,22505
1600,V8K,12210,8060,20270
1601,V8L,25240,20545,45785
1602,V8M,20005,10850,30855
1603,V8N,33295,14430,47725
1604,V8P,24145,10830,34975
1605,V8R,32530,12485,45015
1606,V8S,20790,12105,32895
1607,V8T,30560,8135,38695
1608,V8V,33450,18120,51570
1609,V8W,8000,2370,10370
1610,V8X,33920,11245,45165
1611,V8Y,11910,6950,18860
1612,V8Z,44645,13635,58280
1613,V9A,55365,18510,73875
1614,V9B,65650,16105,81755
1615,V9C,33150,8695,41845
1616,V9E,6805,2950,9755
1617,V9G,18105,9850,27955
1618,V9H,12735,4425,17160
1619,V9J,11565,4855,16420
1620,V9K,15480,15205,30685
1621,V9L,44930,19385,64315
1622,V9M,20465,12405,32870
1623,V9N,38235,18545,56780
1624,V9P,25900,23510,49410
1625,V9R,40175,13120,53295
1626,V9S,22590,9275,31865
1627,V9T,42575,19835,62410
1628,V9V,13200,7715,20915
1629,V9W,38190,15770,53960
1630,V9X,14790,4160,18950
1631,V9Y,32485,14970,47455
1632,V9Z,24600,7520,32120
1633,X0A,30035,1925,31960
1634,X0B,10150,785,10935
1635,X0C,16310,1055,17365
1636,X0E,32575,5265,37840
1637,X0G,790,120,910
1638,X1A,32810,3375,36185
1639,Y0A,2380,640,3020
1640,Y0B,9660,2495,12155
1641,Y1A,42390,8205,50595
